0 7
1 2
2 7
3 10
4 1
5 7
6 1
7 1
8 4
9 4
10 1
11 7
12 7
13 7
14 1
15 7
16 4
17 1
18 7
19 7
20 7
21 1
22 7
23 9
24 1
25 7
26 7
27 7
28 7
29 8
30 4
31 4
32 2
33 7
34 4
35 7
36 4
37 7
38 1
39 2
40 1
41 7
42 4
43 7
44 7
45 1
46 8
47 7
48 7
49 7
50 1
51 8
52 7
53 7
54 7
55 7
56 7
57 7
58 7
59 4
60 7
61 4
62 7
63 7
64 7
65 4
66 7
67 2
68 7
69 1
70 4
71 1
72 7
73 1
74 7
75 1
76 7
77 7
78 4
79 1
80 7
81 7
82 7
83 2
84 7
85 7
86 4
87 7
88 1
89 7
90 7
91 1
92 4
93 7
94 7
95 6
96 4
97 7
98 1
99 7
100 7
101 7
102 7
103 6
104 7
105 7
106 8
107 7
108 7
109 7
110 4
111 7
112 1
113 3
114 1
115 1
116 7
117 7
118 5
119 1
120 7
121 9
122 7
123 7
124 7
125 6
126 7
127 7
128 5
129 4
130 7
131 4
132 4
133 7
134 7
135 7
136 7
137 7
138 1
139 7
140 4
141 7
142 9
143 7
144 4
145 7
146 1
147 1
148 7
149 7
150 7
151 7
152 4
153 4
154 7
155 7
156 4
157 7
158 1
159 4
160 7
161 7
162 4
163 1
164 7
165 1
166 7
167 7
168 1
169 7
170 4
171 4
172 7
173 7
174 7
175 1
176 7
177 8
178 4
179 6
180 1
181 7
182 7
183 1
184 7
185 7
186 7
187 1
188 7
189 4
190 9
191 1
192 4
193 7
194 7
195 7
196 8
197 7
198 1
199 4
200 7
201 7
202 1
203 7
204 1
205 7
206 2
207 7
208 7
209 9
210 7
211 7
212 7
213 1
214 4
215 4
216 1
217 7
218 1
219 4
220 1
221 8
222 9
223 7
224 7
225 7
226 7
227 7
228 9
229 7
230 7
231 7
232 7
233 7
234 1
235 4
236 7
237 4
238 4
239 1
240 4
241 7
242 7
243 7
244 7
245 7
246 8
247 7
248 7
249 7
250 7
251 9
252 4
253 1
254 7
255 4
256 7
257 4
258 7
259 4
260 7
261 1
262 7
263 7
264 9
265 4
266 4
267 7
268 7
269 7
270 4
271 10
272 4
273 4
274 7
275 7
276 10
277 1
278 4
279 9
280 7
281 7
282 7
283 7
284 7
285 7
286 7
287 4
288 1
289 4
290 4
291 7
292 4
293 2
294 1
295 7
296 1
297 7
298 7
299 7
300 7
301 7
302 7
303 1
304 7
305 4
306 7
307 7
308 1
309 7
310 1
311 7
312 7
313 4
314 7
315 7
316 7
317 9
318 7
319 7
320 1
321 7
322 7
323 4
324 6
325 7
326 7
327 10
328 1
329 7
330 7
331 7
332 7
333 7
334 7
335 7
336 7
337 7
338 7
339 4
340 1
341 7
342 7
343 7
344 7
345 4
346 7
347 9
348 1
349 7
350 10
351 4
352 2
353 7
354 4
355 7
356 7
357 7
358 4
359 7
360 7
361 8
362 7
363 7
364 8
365 4
366 7
367 1
368 1
369 7
370 7
371 7
372 7
373 4
374 7
375 1
376 7
377 7
378 1
379 7
380 4
381 7
382 4
383 7
384 1
385 1
386 7
387 5
388 9
389 7
390 1
391 7
392 4
393 8
394 1
395 7
396 9
397 1
398 4
399 7
400 7
401 7
402 7
403 1
404 7
405 7
406 7
407 9
408 7
409 7
410 7
411 7
412 7
413 7
414 2
415 2
416 1
417 7
418 7
419 7
420 7
421 4
422 7
423 1
424 7
425 2
426 1
427 3
428 4
429 4
430 4
431 7
432 7
433 7
434 7
435 7
436 1
437 4
438 7
439 7
440 7
441 7
442 1
443 7
444 1
445 4
446 7
447 1
448 1
449 7
450 7
451 7
452 3
453 2
454 7
455 2
456 7
457 1
458 7
459 7
460 9
461 7
462 7
463 4
464 5
465 7
466 4
467 10
468 4
469 7
470 3
471 7
472 1
473 7
474 7
475 7
476 8
477 7
478 1
479 4
480 7
481 7
482 7
483 4
484 7
485 7
486 7
487 7
488 7
489 7
490 4
491 4
492 2
493 7
494 7
495 2
496 9
497 7
498 7
499 7
500 7
501 1
502 7
503 7
504 7
505 7
506 8
507 4
508 7
509 7
510 1
511 4
512 7
513 7
514 7
515 7
516 7
517 7
518 7
519 7
520 4
521 7
522 7
523 7
524 7
525 1
526 3
527 4
528 1
529 4
530 7
531 4
532 7
533 7
534 3
535 7
536 4
537 7
538 4
539 7
540 7
541 1
542 7
543 7
544 3
545 1
546 1
547 2
548 7
549 7
550 6
551 7
552 7
553 4
554 1
555 7
556 7
557 7
558 1
559 4
560 8
561 7
562 4
563 4
564 2
565 7
566 7
567 7
568 7
569 7
570 2
571 7
572 7
573 7
574 1
575 5
576 1
577 7
578 7
579 1
580 7
581 2
582 1
583 1
584 1
585 4
586 7
587 7
588 7
589 7
590 7
591 7
592 1
593 7
594 7
595 4
596 1
597 7
598 8
599 7
600 1
601 7
602 7
603 4
604 1
605 7
606 7
607 1
608 7
609 7
610 7
611 7
612 7
613 7
614 1
615 1
616 1
617 4
618 7
619 7
620 1
621 7
622 7
623 1
624 4
625 1
626 4
627 1
628 7
629 7
630 7
631 7
632 1
633 4
634 1
635 1
636 5
637 7
638 1
639 7
640 7
641 7
642 1
643 1
644 7
645 4
646 4
647 1
648 1
649 4
650 1
651 7
652 7
653 7
654 4
655 7
656 7
657 2
658 7
659 4
660 7
661 7
662 7
663 4
664 4
665 1
666 4
667 4
668 7
669 1
670 4
671 9
672 7
673 10
674 7
675 1
676 2
677 2
678 4
679 1
680 7
681 4
682 4
683 7
684 7
685 7
686 7
687 1
688 8
689 4
690 7
691 4
692 7
693 7
694 4
695 7
696 7
697 7
698 7
699 4
700 7
701 7
702 3
703 7
704 7
705 1
706 4
707 1
708 7
709 7
710 4
711 7
712 7
713 2
714 10
715 1
716 10
717 4
718 7
719 7
720 7
721 1
722 7
723 1
724 7
725 8
726 7
727 4
728 4
729 8
730 7
731 8
732 7
733 8
734 1
735 1
736 7
737 7
738 1
739 1
740 4
741 1
742 7
743 4
744 8
745 7
746 7
747 4
748 7
749 1
750 7
751 1
752 7
753 8
754 1
755 7
756 7
757 4
758 7
759 1
760 7
761 7
762 7
763 7
764 1
765 7
766 7
767 7
768 6
769 7
770 1
771 4
772 7
773 7
774 7
775 7
776 1
777 1
778 7
779 7
780 7
781 4
782 7
783 8
784 4
785 7
786 1
787 7
788 7
789 1
790 6
791 4
792 4
793 7
794 7
795 4
796 7
797 4
798 4
799 4
800 7
801 1
802 4
803 8
804 1
805 4
806 7
807 7
808 7
809 4
810 1
811 1
812 4
813 7
814 7
815 1
816 1
817 7
818 4
819 7
820 4
821 7
822 7
823 1
824 7
825 1
826 4
827 7
828 4
829 7
830 2
831 2
832 7
833 4
834 7
835 7
836 3
837 4
838 7
839 1
840 7
841 4
842 7
843 1
844 2
845 1
846 1
847 1
848 1
849 1
850 7
851 1
852 7
853 7
854 5
855 8
856 5
857 7
858 7
859 7
860 7
861 7
862 1
863 7
864 7
865 7
866 7
867 7
868 1
869 7
870 7
871 3
872 7
873 7
874 7
875 8
876 4
877 8
878 4
879 1
880 7
881 1
882 4
883 7
884 7
885 1
886 7
887 4
888 7
889 7
890 7
891 7
892 4
893 8
894 7
895 7
896 4
897 7
898 7
899 7
900 4
901 7
902 7
903 7
904 7
905 4
906 4
907 7
908 7
909 7
910 7
911 7
912 7
913 7
914 7
915 1
916 8
917 7
918 4
919 7
920 7
921 7
922 7
923 7
924 7
925 7
926 7
927 4
928 4
929 7
930 1
931 7
932 7
933 1
934 7
935 7
936 7
937 7
938 7
939 7
940 7
941 7
942 6
943 7
944 1
945 4
946 7
947 7
948 7
949 7
950 7
951 8
952 4
953 8
954 4
955 7
956 4
957 1
958 7
959 7
960 7
961 7
962 7
963 4
964 7
965 0
966 4
967 7
968 4
969 7
970 7
971 1
972 2
973 7
974 4
975 7
976 1
977 4
978 7
979 7
980 1
981 4
982 4
983 7
984 1
985 7
986 1
987 7
988 9
989 1
990 7
991 7
992 4
993 1
994 4
995 3
996 7
997 7
998 4
999 7
1000 4
1001 7
1002 7
1003 7
1004 4
1005 7
1006 7
1007 4
1008 4
1009 3
1010 1
1011 7
1012 7
1013 7
1014 7
1015 7
1016 4
1017 1
1018 7
1019 7
1020 7
1021 1
1022 7
1023 8
1024 7
1025 7
1026 7
1027 7
1028 2
1029 7
1030 1
1031 7
1032 7
1033 7
1034 1
1035 1
1036 7
1037 1
1038 4
1039 7
1040 7
1041 7
1042 4
1043 7
1044 1
1045 7
1046 1
1047 1
1048 7
1049 7
1050 4
1051 7
1052 7
1053 7
1054 7
1055 9
1056 4
1057 7
1058 7
1059 4
1060 1
1061 7
1062 7
1063 7
1064 1
1065 3
1066 1
1067 1
1068 7
1069 4
1070 7
1071 1
1072 4
1073 4
1074 9
1075 7
1076 7
1077 10
1078 2
1079 7
1080 4
1081 7
1082 4
1083 7
1084 7
1085 7
1086 4
1087 0
1088 7
1089 7
1090 4
1091 7
1092 7
1093 7
1094 1
1095 4
1096 2
1097 7
1098 7
1099 1
1100 1
1101 4
1102 4
1103 7
1104 1
1105 1
1106 4
1107 4
1108 7
1109 1
1110 7
1111 4
1112 1
1113 7
1114 1
1115 8
1116 7
1117 4
1118 1
1119 7
1120 7
1121 4
1122 7
1123 1
1124 2
1125 7
1126 7
1127 7
1128 7
1129 4
1130 7
1131 7
1132 4
1133 1
1134 7
1135 2
1136 7
1137 7
1138 3
1139 7
1140 1
1141 1
1142 4
1143 1
1144 1
1145 1
1146 2
1147 7
1148 1
1149 4
1150 7
1151 7
1152 4
1153 2
1154 5
1155 7
1156 1
1157 1
1158 7
1159 4
1160 7
1161 7
1162 7
1163 7
1164 7
1165 7
1166 9
1167 4
1168 4
1169 7
1170 4
1171 7
1172 4
1173 5
1174 7
1175 7
1176 4
1177 2
1178 7
1179 10
1180 2
1181 7
1182 7
1183 7
1184 7
1185 4
1186 7
1187 7
1188 4
1189 7
1190 7
1191 7
1192 9
1193 4
1194 7
1195 2
1196 7
1197 7
1198 4
1199 9
1200 1
1201 1
1202 7
1203 7
1204 7
1205 8
1206 1
1207 1
1208 1
1209 7
1210 1
1211 7
1212 4
1213 1
1214 7
1215 7
1216 7
1217 7
1218 11
1219 7
1220 1
1221 7
1222 5
1223 7
1224 7
1225 4
1226 2
1227 4
1228 4
1229 7
1230 10
1231 4
1232 8
1233 7
1234 7
1235 7
1236 7
1237 2
1238 7
1239 2
1240 8
1241 1
1242 7
1243 4
1244 2
1245 7
1246 1
1247 9
1248 1
1249 4
1250 1
1251 4
1252 7
1253 9
1254 2
1255 7
1256 7
1257 7
1258 7
1259 1
1260 7
1261 1
1262 7
1263 1
1264 6
1265 7
1266 7
1267 4
1268 7
1269 7
1270 7
1271 7
1272 1
1273 2
1274 7
1275 7
1276 7
1277 1
1278 7
1279 3
1280 1
1281 7
1282 2
1283 4
1284 7
1285 7
1286 10
1287 1
1288 7
1289 1
1290 7
1291 7
1292 8
1293 7
1294 1
1295 1
1296 4
1297 7
1298 1
1299 7
1300 7
1301 8
1302 7
1303 7
1304 10
1305 7
1306 1
1307 7
1308 1
1309 7
1310 1
1311 7
1312 1
1313 7
1314 7
1315 4
1316 4
1317 1
1318 7
1319 7
1320 7
1321 1
1322 7
1323 8
1324 7
1325 4
1326 7
1327 7
1328 7
1329 7
1330 7
1331 4
1332 1
1333 6
1334 7
1335 4
1336 7
1337 4
1338 7
1339 1
1340 10
1341 3
1342 8
1343 7
1344 7
1345 7
1346 1
1347 1
1348 4
1349 2
1350 7
1351 7
1352 7
1353 7
1354 1
1355 9
1356 7
1357 1
1358 7
1359 4
1360 7
1361 7
1362 7
1363 6
1364 4
1365 1
1366 7
1367 7
1368 1
1369 9
1370 1
1371 7
1372 7
1373 7
1374 8
1375 7
1376 7
1377 7
1378 7
1379 5
1380 1
1381 4
1382 7
1383 4
1384 1
1385 7
1386 1
1387 7
1388 4
1389 10
1390 7
1391 2
1392 1
1393 7
1394 7
1395 7
1396 2
1397 8
1398 7
1399 7
1400 1
1401 7
1402 7
1403 7
1404 7
1405 1
1406 7
1407 1
1408 7
1409 7
1410 2
1411 7
1412 7
1413 4
1414 7
1415 1
1416 7
1417 4
1418 1
1419 7
1420 8
1421 5
1422 7
1423 1
1424 2
1425 8
1426 8
1427 7
1428 4
1429 7
1430 7
1431 7
1432 1
1433 1
1434 7
1435 4
1436 7
1437 7
1438 7
1439 7
1440 1
1441 7
1442 7
1443 7
1444 7
1445 4
1446 9
1447 7
1448 7
1449 1
1450 7
1451 7
1452 7
1453 4
1454 7
1455 7
1456 8
1457 4
1458 4
1459 7
1460 7
1461 7
1462 9
1463 4
1464 4
1465 1
1466 7
1467 2
1468 1
1469 2
1470 4
1471 1
1472 4
1473 7
1474 1
1475 4
1476 4
1477 4
1478 1
